%YAML:1.0
---
perfumy: !!opencv-matrix
   rows: 2
   cols: 1
   dt: d
   data: [ 1.2678277244630347e+02, 7.7493859767340965e+01 ]
