%YAML:1.0
---
piornik: !!opencv-matrix
   rows: 2
   cols: 1
   dt: d
   data: [ 7.0763540276109651e+01, 2.0408125874932512e+02 ]
