%YAML:1.0
---
szczotka: !!opencv-matrix
   rows: 2
   cols: 1
   dt: d
   data: [ 2.3607761433600221e+01, 1.0019273422838667e+02 ]
