%YAML:1.0
---
szczur: !!opencv-matrix
   rows: 2
   cols: 1
   dt: d
   data: [ 8.2167499803738650e+01, 2.1489541711631986e+02 ]
