%YAML:1.0
---
zakreslacz1: !!opencv-matrix
   rows: 2
   cols: 1
   dt: d
   data: [ 2.5062577430680388e+01, 6.0357381718774775e+01 ]
