%YAML:1.0
---
zakreslacz2: !!opencv-matrix
   rows: 2
   cols: 1
   dt: d
   data: [ 2.4868136465129133e+01, 6.0032070190050540e+01 ]
