%YAML:1.0
---
zakreslacz1: !!opencv-matrix
   rows: 2
   cols: 1
   dt: d
   data: [ 2.4600763793217538e+01, 5.9887161012288630e+01 ]
